device,imei,imei_tm,imei_ltm,mac,mac_tm,mac_ltm,phone,phone_tm,phone_ltm,imsi,imsi_tm,imsi_ltm,serialno,serialno_tm,serialno_ltm,orig_imei,orig_imei_tm,orig_imei_ltm,oaid,oaid_tm,oaid_ltm
8fd168ee04290700e5340ae8efbcad3603ae444a,866656021262359,1557590400,1557504000,b8:bc:1b:85:f9:bd,1557590400,1557849600,,,,460021244564197,1557590400,1557763200,z2x4c15521016978,1557590400,1557676800,866656021262350,1557590400,1557676800,9fb327046f378d6d6c296d58d4ef9a39fa146b2a3b97aca56dc24e502a37e9c4,1573089535,1586792740
8fd16a21c583b6ac6e886f012d941995c731593a,861599034995935,1557590400,1557504000,1c:77:f6:30:18:c0,1557590400,1557849600,15062380675,1525536000,1525636001,460036950406775,1557590400,1557763200,z2x4c15521016978,1557590400,1557676800,861599034995936,1557590400,1557504000,7bfdeeef-7bfb-2324-fa72-ff2dc7dfd76a,1584108502,1584108502
8fd1c5aeedabc04c0338efffb3a4159a0c5d14cf,866509036132218,1557590400,1557504000,08:4a:cf:73:6d:eb,1557590400,1557849600,,,,460006201261679,1557590400,1557763200,70b0c250,1557590400,1557676800,866509036132219,1557590400,1557504000,c2c6e8f914c26c07,1578757203,1583413425
8fd1f8876936a3f6af4799f0809edea93330a154,864862032256248,1557590400,1557504000,40:88:e0:37:b3:05,1557590400,1557849600,13973163389,1557619648,1567619648,460004934718445,1557590400,1557763200,9e1afaa,1557590400,1557676800,864862032256249,1557590400,1557504000,b9a4875030955a9d,1575514681,1575514681
8fd216d40100892158755f991ebc471113d1e52c,867221031953429,1557590400,1557504000,44:c8:74:bc:1c:86,1557590400,1557849600,,,,460008433751965,1557590400,1557763200,hi7cm55lsa04jtq,1557590400,1557676800,867221031953420,1557590400,1557504000,ee57f3d8-4f67-77cf-f4fd-b7edcbfeffec,1573268227,1573268227
8fd21c93c606caaded287fd1679fb2eb79a5cd19,a0000099b03850,1557590400,1557504000,2c:5d:34:b6:b4:49,1557590400,1557849600,,,,460110927269981,1557590400,1557763200,8250daba,1557590400,1557676800,a0000099b03851,1557590400,1557504000,4e8c9bbd-e7f6-e187-f9af-7dffed661960,1574205434,1575070676
8fd23a018abc4b29f1ba281821e87080f36b9cd3,868403028648720,1557590400,1557504000,fc:3f:7c:82:5d:1f,1557590400,1557849600,15899361227,1517343389,1517443389,460028993294234,1557590400,1557763200,apu0216530001112,1557590400,1557676800,868403028648721,1557590400,1557504000,8fb7e7ef-bff8-54d8-dbff-5e3ffdbd5d98,1575802504,1587387453
8fd23d04b14bb0f5d40b7b0cdeef3bc0086e7575,864765032078472,1557590400,1557504000,ac:c1:ee:e7:40:47,1557590400,1557849600,15060302008,1525536000,1535536000,460110276594452,1557590400,1557763200,hiw8aehahuss6hyh,1557590400,1557676800,864765032078473,1557590400,1557504000,ffd8c28641f2a898cf73c6a2e42a62cbdaa6ab30b5daf8994c22901e1a505880,1587383942,1587383942
8fd266622c2ac29250aae34724b1b2e1ee9e39cc,866654034333002,1557590400,1557504000,ec:d0:9f:c5:67:51,1557590400,1557849600,15558102386,1523441333,1567664467,460018105409260,1557590400,1557763200,695f5a7b,1557590400,1557676800,866654034333003,1557590400,1557504000,ffeb5de7-7bfb-47f0-bbff-2edbbb6d24e3,1586932818,1586932819
8fd26dca57032df747a8ecc49b3dec4721b8b02f,353765073068166,1557590400,1557504000,60:f1:89:09:49:b7,1557590400,1557849600,18739265971,1557644284,1567644284,460028392984162,1557590400,1557763200,8575474c57324130,1557590400,1557676800,353765073068167,1557590400,1557504000,0b70eca3366098bf734dd672cdeff869cf08879e8c91c41edd20674bf420a872,1587061054,1587061054

